v3.0 hex words addressed
00: 00 00 00 01 00 04 00 48 01 00 01 01 00 04 00 48
10: 02 00 00 00 02 80 00 64 03 01 00 00 02 80 00 64
20: 04 03 02 00 20 40 00 08 00 04 18 08 00 02 00 42
30: 04 00 00 00 01 80 40 50 00 00 18 20 00 08 00 41
40: 05 03 02 00 80 80 00 08 05 00 00 00 01 80 40 50
50: 06 00 08 40 00 04 00 48 00 00 00 00 00 00 00 00
60: 00 00 00 00 00 00 00 00 00 00 00 00 00 00 00 00
70: 00 00 00 00 00 00 00 00 00 00 00 00 00 00 00 00
80: 00 00 00 00 00 00 00 00 00 00 00 00 00 00 00 00
90: 00 00 00 00 00 00 00 00 00 00 00 00 00 00 00 00
a0: 00 00 00 00 00 00 00 00 00 00 00 00 00 00 00 00
b0: 00 00 00 00 00 00 00 00 00 00 00 00 00 00 00 00
c0: 00 00 00 00 00 00 00 00 00 00 00 00 00 00 00 00
d0: 00 00 00 00 00 00 00 00 00 00 00 00 00 00 00 00
e0: 00 00 00 00 00 00 00 00 00 00 00 00 00 00 00 00
f0: 00 00 00 00 00 00 00 00 00 00 00 00 00 00 00 00
